amplicon,chromosome,start,end,length,pos,distance
PVP01_0103700_1,PvP01_01_v1,169480,169679,200,169580,2105
PVP01_0103700_2,PvP01_01_v1,171594,171775,182,171685,205960
RAMA,PvP01_01_v1,377605,377685,81,377645,18419
PVP01_0107900,PvP01_01_v1,395974,396153,180,396064,63925
MED14,PvP01_01_v1,459928,460050,123,459989,2837
PVP01_0109700_1,PvP01_01_v1,462756,462895,140,462826,604
PVP01_0109700_2,PvP01_01_v1,463336,463524,189,463430,297743
PVP01_0116700,PvP01_01_v1,761136,761209,74,761173,10962
PVP01_0117000,PvP01_01_v1,772085,772184,100,772135,130784
PVP01_0119600,PvP01_01_v1,902848,902990,143,902919,Inf
PVP01_0202600,PvP01_02_v1,135273,135414,142,135344,18783
pvmrp1_2,PvP01_02_v1,154081,154173,93,154127,193
pvmrp1_3,PvP01_02_v1,154289,154351,63,154320,841
pvmrp1_6,PvP01_02_v1,155071,155251,181,155161,646
pvmrp1_7,PvP01_02_v1,155722,155892,171,155807,334
pvmrp1_8,PvP01_02_v1,156062,156220,159,156141,827
pvmrp1_10,PvP01_02_v1,156941,156994,54,156968,1148
pvmrp1_12,PvP01_02_v1,158062,158169,108,158116,105801
PSOP24,PvP01_02_v1,263843,263991,149,263917,61073
CCR4-3,PvP01_02_v1,324899,325080,182,324990,104535
PVP01_0210500,PvP01_02_v1,429454,429596,143,429525,106037
VPS53,PvP01_02_v1,535475,535649,175,535562,24162
PVP01_0213400,PvP01_02_v1,559647,559800,154,559724,99743
PVP01_0215600,PvP01_02_v1,659404,659529,126,659467,12054
PVP01_0215800_1,PvP01_02_v1,671484,671558,75,671521,1471
PVP01_0215800_2,PvP01_02_v1,672903,673080,178,672992,Inf
PVP01_0302300,PvP01_03_v1,111140,111314,175,111227,20874
PVP01_0302700,PvP01_03_v1,132029,132173,145,132101,104810
SEC24B,PvP01_03_v1,236841,236981,141,236911,15167
LISP2,PvP01_03_v1,251975,252180,206,252078,31349
RON1,PvP01_03_v1,283354,283500,147,283427,36902
PVP01_0306200,PvP01_03_v1,320271,320386,116,320329,150435
MED8,PvP01_03_v1,470684,470843,160,470764,82743
pvdmt2_1,PvP01_03_v1,553503,553511,9,553507,80619
CRMP2,PvP01_03_v1,634027,634224,198,634126,27448
PVP01_0314600,PvP01_03_v1,661477,661670,194,661574,90173
PSOP1,PvP01_03_v1,751664,751830,167,751747,35382
PVP01_0318900,PvP01_03_v1,787067,787191,125,787129,66592
BDP6,PvP01_03_v1,853690,853751,62,853721,15773
PVP01_0320600,PvP01_03_v1,869436,869551,116,869494,Inf
PVP01_0405000_1,PvP01_04_v1,226216,226362,147,226289,887
PVP01_0405000_2,PvP01_04_v1,227090,227261,172,227176,82205
CDPK1,PvP01_04_v1,309311,309450,140,309381,27906
ATG11,PvP01_04_v1,337238,337336,99,337287,145595
MATE,PvP01_04_v1,482835,482928,94,482882,37885
PVP01_0412700,PvP01_04_v1,520724,520809,86,520767,242498
MSP5,PvP01_04_v1,763203,763327,125,763265,67083
HT1,PvP01_04_v1,830301,830394,94,830348,2966
PVP01_0420500,PvP01_04_v1,833244,833383,140,833314,79653
ETRAMP11.2,PvP01_04_v1,912877,913056,180,912967,Inf
TRAG38,PvP01_05_v1,151626,151766,141,151696,18824
PVP01_0504000,PvP01_05_v1,170472,170567,96,170520,64316
LSM8,PvP01_05_v1,234789,234882,94,234836,28633
FT1,PvP01_05_v1,263392,263545,154,263469,200399
LipB,PvP01_05_v1,463780,463956,177,463868,99772
PVP01_0513400,PvP01_05_v1,563563,563717,155,563640,172593
RON5,PvP01_05_v1,736194,736271,78,736233,43696
HSP20,PvP01_05_v1,779854,780003,150,779929,2720
PVP01_0518900,PvP01_05_v1,782576,782722,147,782649,294757
pvdhfr,PvP01_05_v1,1077378,1077433,56,1077406,66426
PVP01_0527700,PvP01_05_v1,1143738,1143926,189,1143832,123328
RRF2,PvP01_05_v1,1267119,1267201,83,1267160,34481
PVP01_0530700,PvP01_05_v1,1301584,1301698,115,1301641,Inf
ETRAMP,PvP01_06_v1,87765,87917,153,87841,6751
PVP01_0602200,PvP01_06_v1,94503,94680,178,94592,4463
PVP01_0602400,PvP01_06_v1,98976,99133,158,99055,550517
PVP01_0615400,PvP01_06_v1,649499,649644,146,649572,94500
AdoMetDC_ODC,PvP01_06_v1,744015,744129,115,744072,47879
TLAP2,PvP01_06_v1,791899,792002,104,791951,84273
PyKII,PvP01_06_v1,876140,876307,168,876224,107867
DBP_1,PvP01_06_v1,984037,984145,109,984091,10176
PVP01_0624000,PvP01_06_v1,994215,994319,105,994267,21775
PVP01_0624400,PvP01_06_v1,1015964,1016119,156,1016042,Inf
CuTP,PvP01_07_v1,187898,187968,71,187933,199147
PVP01_0707300,PvP01_07_v1,387008,387152,145,387080,24619
SPM1,PvP01_07_v1,411648,411749,102,411699,130199
PVP01_0710900,PvP01_07_v1,541815,541980,166,541898,155545
MOP,PvP01_07_v1,697368,697517,150,697443,35516
GAP50,PvP01_07_v1,732881,733037,157,732959,75767
RCC-PIP,PvP01_07_v1,808667,808784,118,808726,98391
pBAS,PvP01_07_v1,907032,907201,170,907117,103051
ATAT,PvP01_07_v1,1010079,1010257,179,1010168,197265
MSP1P,PvP01_07_v1,1207372,1207494,123,1207433,10544
MSP1,PvP01_07_v1,1217931,1218023,93,1217977,82897
MAM3,PvP01_07_v1,1300782,1300965,184,1300874,80107
PVP01_0733600,PvP01_07_v1,1380926,1381035,110,1380981,1201
SNRPB2,PvP01_07_v1,1382101,1382263,163,1382182,73498
PVP01_0735100,PvP01_07_v1,1455581,1455778,198,1455680,Inf
RBP2b_1,PvP01_08_v1,35568,35690,123,35629,445
RBP2b_2,PvP01_08_v1,36036,36111,76,36074,5088
RBP2b_3,PvP01_08_v1,41128,41196,69,41162,294482
HDA2,PvP01_08_v1,335560,335727,168,335644,400050
RIPR,PvP01_08_v1,735633,735754,122,735694,120878
SPC25,PvP01_08_v1,856475,856668,194,856572,47705
ABCI3,PvP01_08_v1,904199,904354,156,904277,10233
PVP01_0820800,PvP01_08_v1,914459,914561,103,914510,121048
B9,PvP01_08_v1,1035524,1035591,68,1035558,75876
CTRP,PvP01_08_v1,1111389,1111478,90,1111434,162596
EIF3K_1,PvP01_08_v1,1273952,1274107,156,1274030,418
EIF3K_2,PvP01_08_v1,1274382,1274514,133,1274448,196379
PVP01_0834800,PvP01_08_v1,1470758,1470895,138,1470827,99456
NSF,PvP01_08_v1,1570202,1570364,163,1570283,56823
PVP01_0838300,PvP01_08_v1,1627043,1627168,126,1627106,5112
PVP01_0838400,PvP01_08_v1,1632134,1632301,168,1632218,Inf
SufD,PvP01_09_v1,264615,264752,138,264684,5236
PVP01_0904300,PvP01_09_v1,269859,269981,123,269920,29417
SYN13,PvP01_09_v1,299272,299401,130,299337,148942
PVP01_0908400,PvP01_09_v1,448180,448378,199,448279,42654
PCD,PvP01_09_v1,490886,490979,94,490933,92023
PVP01_0912400,PvP01_09_v1,582915,582996,82,582956,267365
MLC_B,PvP01_09_v1,850270,850372,103,850321,116514
GCN20,PvP01_09_v1,966783,966887,105,966835,229197
PVP01_0927200,PvP01_09_v1,1195964,1196099,136,1196032,11839
ATG23,PvP01_09_v1,1207801,1207941,141,1207871,73951
mHCF101,PvP01_09_v1,1281738,1281906,169,1281822,75133
PVP01_0931600,PvP01_09_v1,1356878,1357031,154,1356955,72174
PVP01_0933300,PvP01_09_v1,1429046,1429212,167,1429129,30296
AMA1,PvP01_09_v1,1459356,1459494,139,1459425,69882
RPA2,PvP01_09_v1,1529221,1529393,173,1529307,221710
ApiAP2_G5,PvP01_09_v1,1750925,1751108,184,1751017,127967
PVP01_0942500,PvP01_09_v1,1878944,1879024,81,1878984,174264
ORP1,PvP01_09_v1,2053173,2053323,151,2053248,22078
SLARP,PvP01_09_v1,2075281,2075371,91,2075326,75160
TRAG16_1,PvP01_09_v1,2150450,2150521,72,2150486,Inf
PVP01_1002800,PvP01_10_v1,152412,152537,126,152475,4342
FRM1_1,PvP01_10_v1,156727,156907,181,156817,747
FRM1_2,PvP01_10_v1,157475,157653,179,157564,31817
PPT,PvP01_10_v1,189299,189463,165,189381,16779
PVP01_1004100,PvP01_10_v1,206084,206236,153,206160,10193
PVP01_1004400,PvP01_10_v1,216293,216412,120,216353,96950
PVP01_1007200,PvP01_10_v1,313229,313376,148,313303,166605
pvmdr1_1,PvP01_10_v1,479885,479931,47,479908,222
pvmdr1_2,PvP01_10_v1,480043,480217,175,480130,280
pvmdr1_3,PvP01_10_v1,480384,480436,53,480410,1174
pvmdr1_4,PvP01_10_v1,481527,481641,115,481584,870
pvmdr1_5,PvP01_10_v1,482415,482492,78,482454,146434
PVP01_1014100,PvP01_10_v1,628838,628937,100,628888,48727
PSOP13,PvP01_10_v1,677546,677683,138,677615,102750
MB2,PvP01_10_v1,780300,780430,131,780365,46402
pvpi3k_1,PvP01_10_v1,826742,826792,51,826767,321
pvpi3k_2,PvP01_10_v1,827038,827138,101,827088,843
pvpi3k_4,PvP01_10_v1,827909,827952,44,827931,178
pvpi3k_5,PvP01_10_v1,828080,828137,58,828109,656
pvpi3k_6,PvP01_10_v1,828691,828838,148,828765,262
pvpi3k_7,PvP01_10_v1,828962,829091,130,829027,1163
pvpi3k_10,PvP01_10_v1,830162,830217,56,830190,336
pvpi3k_11,PvP01_10_v1,830444,830608,165,830526,385
pvpi3k_12,PvP01_10_v1,830885,830936,52,830911,284
pvpi3k_13,PvP01_10_v1,831133,831256,124,831195,132
pvpi3k_14,PvP01_10_v1,831294,831359,66,831327,6640
CWC2,PvP01_10_v1,837911,838023,113,837967,213638
PVP01_1024100,PvP01_10_v1,1051536,1051674,139,1051605,135870
PVP01_1027500,PvP01_10_v1,1187390,1187560,171,1187475,20828
SUMO,PvP01_10_v1,1208235,1208371,137,1208303,98545
MyoB,PvP01_10_v1,1306783,1306912,130,1306848,96017
VPS11,PvP01_10_v1,1402777,1402953,177,1402865,42160
TRAG18,PvP01_10_v1,1444922,1445128,207,1445025,Inf
PVP01_1101300,PvP01_11_v1,64509,64637,129,64573,78141
ERCC4,PvP01_11_v1,142633,142795,163,142714,17410
pvabc-e1_1,PvP01_11_v1,160096,160152,57,160124,1370
pvabc-e1_3,PvP01_11_v1,161466,161521,56,161494,53389
SRPR_alpha,PvP01_11_v1,214825,214941,117,214883,80093
PVP01_1107600,PvP01_11_v1,294898,295053,156,294976,183464
GCbeta_2,PvP01_11_v1,478391,478489,99,478440,226810
PIP1,PvP01_11_v1,705202,705298,97,705250,163304
PABP3,PvP01_11_v1,868480,868627,148,868554,23437
RAP,PvP01_11_v1,891913,892069,157,891991,246286
SOD2_1,PvP01_11_v1,1138194,1138359,166,1138277,749
SOD2_2,PvP01_11_v1,1138950,1139102,153,1139026,191415
ROM10,PvP01_11_v1,1330379,1330502,124,1330441,5508
PVP01_1131100,PvP01_11_v1,1335874,1336023,150,1335949,81622
PVP01_1133200,PvP01_11_v1,1417478,1417664,187,1417571,130523
PVP01_1136100,PvP01_11_v1,1548021,1548167,147,1548094,140384
NUP637,PvP01_11_v1,1688393,1688563,171,1688478,42450
PVP01_1140700,PvP01_11_v1,1730839,1731017,179,1730928,115046
PVP01_1143300,PvP01_11_v1,1845910,1846038,129,1845974,34834
PVP01_1144400,PvP01_11_v1,1880753,1880862,110,1880808,33125
PVP01_1144900,PvP01_11_v1,1913836,1914030,195,1913933,106179
PVP01_1147300,PvP01_11_v1,2020045,2020178,134,2020112,Inf
TRAG20,PvP01_12_v1,71396,71458,63,71427,415226
pvk13,PvP01_12_v1,486622,486684,63,486653,7229
RAD5,PvP01_12_v1,493810,493953,144,493882,275835
TRAP,PvP01_12_v1,769627,769807,181,769717,26707
MSP7_like,PvP01_12_v1,796352,796496,145,796424,146402
PVP01_1224500,PvP01_12_v1,942779,942873,95,942826,121201
PVP01_1226900,PvP01_12_v1,1063965,1064089,125,1064027,283495
PVP01_1233500,PvP01_12_v1,1347449,1347595,147,1347522,35570
HDA1,PvP01_12_v1,1383057,1383127,71,1383092,78283
ATG12,PvP01_12_v1,1461303,1461446,144,1461375,116097
KIN17,PvP01_12_v1,1577371,1577573,203,1577472,42458
ApiAP2_1,PvP01_12_v1,1619832,1620028,197,1619930,135593
RON11,PvP01_12_v1,1755452,1755594,143,1755523,47998
GAPDH,PvP01_12_v1,1803435,1803607,173,1803521,112237
FCP,PvP01_12_v1,1915707,1915809,103,1915758,187892
FER2_1,PvP01_12_v1,2103576,2103723,148,2103650,587
FER2_2,PvP01_12_v1,2104201,2104272,72,2104237,144918
RON2,PvP01_12_v1,2249084,2249226,143,2249155,80848
PVP01_1256600,PvP01_12_v1,2329939,2330067,129,2330003,112429
pvmdr2_1,PvP01_12_v1,2442388,2442475,88,2442432,529
pvmdr2_3,PvP01_12_v1,2442875,2443046,172,2442961,1072
pvmdr2_5,PvP01_12_v1,2444006,2444059,54,2444033,705
pvmdr2_6,PvP01_12_v1,2444707,2444769,63,2444738,80590
PVP01_1261200,PvP01_12_v1,2525250,2525405,156,2525328,7676
PVP01_1261400,PvP01_12_v1,2532944,2533063,120,2533004,10281
CLK1,PvP01_12_v1,2543228,2543341,114,2543285,201628
NCS2,PvP01_12_v1,2744852,2744973,122,2744913,80114
PVP01_1267700,PvP01_12_v1,2824949,2825105,157,2825027,119131
PVP01_1270000,PvP01_12_v1,2944087,2944228,142,2944158,Inf
PVP01_1301600_1,PvP01_13_v1,65827,65960,134,65894,15448
PVP01_1301600_2,PvP01_13_v1,81273,81411,139,81342,75057
G37,PvP01_13_v1,156324,156474,151,156399,222576
PVP01_1308100,PvP01_13_v1,378871,379079,209,378975,17410
CIA1,PvP01_13_v1,396303,396467,165,396385,71130
PIGM,PvP01_13_v1,467455,467575,121,467515,46470
PVP01_1311000,PvP01_13_v1,513915,514054,140,513985,70343
PKG,PvP01_13_v1,584241,584414,174,584328,133193
PVP01_1315600,PvP01_13_v1,717432,717610,179,717521,74099
PVP01_1316900,PvP01_13_v1,791557,791682,126,791620,10641
LRR5,PvP01_13_v1,802184,802337,154,802261,141789
PVP01_1320900,PvP01_13_v1,943970,944129,160,944050,118788
PVP01_1323700,PvP01_13_v1,1062752,1062923,172,1062838,134970
P113,PvP01_13_v1,1197722,1197893,172,1197808,49492
PVP01_1329500,PvP01_13_v1,1247223,1247376,154,1247300,162163
MCA3,PvP01_13_v1,1409372,1409553,182,1409463,116872
PVP01_1335200,PvP01_13_v1,1526240,1526430,191,1526335,214641
PVP01_1339900,PvP01_13_v1,1740874,1741078,205,1740976,56210
ApiAP2_G2,PvP01_13_v1,1797133,1797239,107,1797186,159764
PVP01_1344700,PvP01_13_v1,1956891,1957008,118,1956950,24469
PVP01_1345500,PvP01_13_v1,1981350,1981488,139,1981419,6966
CAPD2,PvP01_13_v1,1988341,1988428,88,1988385,Inf
PVP01_1401400,PvP01_14_v1,57581,57745,165,57663,58657
RBP2a_1,PvP01_14_v1,116240,116399,160,116320,3772
RBP2a_2,PvP01_14_v1,120026,120157,132,120092,22039
PVP01_1403000,PvP01_14_v1,142036,142226,191,142131,108121
CAPH,PvP01_14_v1,250173,250331,159,250252,54028
GCN1,PvP01_14_v1,304185,304375,191,304280,28210
PVP01_1406900,PvP01_14_v1,332425,332555,131,332490,190794
EMC7,PvP01_14_v1,523232,523336,105,523284,53986
PVP01_1413100_1,PvP01_14_v1,577181,577359,179,577270,475
PVP01_1413100_2,PvP01_14_v1,577671,577819,149,577745,97895
TERT,PvP01_14_v1,675576,675704,129,675640,27484
PVP01_1415900,PvP01_14_v1,703070,703178,109,703124,120407
PVP01_1418900,PvP01_14_v1,823481,823581,101,823531,119738
PVP01_1421800,PvP01_14_v1,943199,943339,141,943269,84015
PVP01_1423300,PvP01_14_v1,1027251,1027317,67,1027284,149834
PVP01_1427600,PvP01_14_v1,1177024,1177211,188,1177118,93035
pvdhps_1,PvP01_14_v1,1270111,1270194,84,1270153,763
pvdhps_2,PvP01_14_v1,1270887,1270944,58,1270916,1278
pvdhps_4,PvP01_14_v1,1272166,1272221,56,1272194,23558
PPM5,PvP01_14_v1,1295723,1295781,59,1295752,46981
PVP01_1430700,PvP01_14_v1,1342657,1342809,153,1342733,89860
PIGO,PvP01_14_v1,1432507,1432678,172,1432593,33855
PVP01_1434400,PvP01_14_v1,1466400,1466496,97,1466448,133679
FRM2,PvP01_14_v1,1600057,1600197,141,1600127,40950
PVP01_1438700,PvP01_14_v1,1641012,1641142,131,1641077,246590
PVP01_1443400,PvP01_14_v1,1887614,1887719,106,1887667,35704
PVP01_1444400,PvP01_14_v1,1923315,1923426,112,1923371,46525
PVP01_1445500,PvP01_14_v1,1969841,1969951,111,1969896,59681
PVP01_1446900,PvP01_14_v1,2029522,2029632,111,2029577,28056
pvmrp2_1,PvP01_14_v1,2057576,2057690,115,2057633,262
pvmrp2_2,PvP01_14_v1,2057843,2057947,105,2057895,148838
CG2_related,PvP01_14_v1,2206636,2206830,195,2206733,215978
PWP1,PvP01_14_v1,2422649,2422773,125,2422711,72463
ApiAP2_2,PvP01_14_v1,2495103,2495245,143,2495174,236245
PVP01_1463400,PvP01_14_v1,2731334,2731503,170,2731419,28347
PVP01_1464400,PvP01_14_v1,2759672,2759860,189,2759766,48477
PVP01_1465800,PvP01_14_v1,2808160,2808325,166,2808243,86540
PVP01_1467900,PvP01_14_v1,2894719,2894847,129,2894783,22310
DRS1,PvP01_14_v1,2917024,2917161,138,2917093,64703
PVP01_1469700,PvP01_14_v1,2981763,2981828,66,2981796,Inf
PVP01_MIT00200_500,PvP01_MIT_v1,149,298,150,224,Inf